//Macao public holidays (with compensatory rest days; half days are not included)
//format is "Year-Month,day day day". Example, 2026-1,1 19
2020-1,1 25 26 27 28 29
2020-4,4 6 10 11 13 30
2020-5,1
2020-6,25
2020-10,1 2 5 25 26
2020-11,2
2020-12,8 20 21 22 24 25
2021-1,1
2021-2,12 13 14 15 16
2021-4,2 3 4 5 6
2021-5,1 3 19
2021-6,14
2021-9,22
2021-10,1 2 4 14
2021-11,2
2021-12,8 20 21 24 25 27
2022-1,1 3
2022-2,1 2 3
2022-4,5 15 16 18
2022-5,1 2 8 9
2022-6,3
2022-9,11 12
2022-10,1 2 3 4 5
2022-11,2
2022-12,8 20 22 24 25 26 27
2023-1,1 2 22 23 24 25
2023-4,5 7 8 10
2023-5,1 26
2023-6,22
2023-9,30
2023-10,1 2 3 4 23
2023-11,2
2023-12,8 20 22 24 25 26
2024-1,1
2024-2,10 11 12 13 14
2024-3,29 30
2024-4,1 4
2024-5,1 15
2024-6,10
2024-9,18
2024-10,1 2 11
2024-11,2 4
2024-12,8 9 20 21 23 24 25
2025-1,1 29 30 31
2025-4,4 18 19 21
2025-5,1 5 31
2025-6,2
2025-10,1 2 7 29
2025-11,2 3
2025-12,8 20 21 22 23 24 25
2026-1,1
2026-2,17 18 19
2026-4,3 4 5 6 7
2026-5,1 24 25
2026-6,19
2026-9,26 28
2026-10,1 2 18 19
2026-11,2
2026-12,8 20 21 22 24 25
2027-1,1
2027-2,6 7 8 9 10
2027-3,26 27 29
2027-4,5
2027-5,1 3 13
2027-6,9
2027-9,16
2027-10,1 2 4 8
2027-11,2
2027-12,8 20 22 24 25 27
2028-1,1 3 26 27 28
2028-4,4 14 15 17
2028-5,1 2 28 29
2028-10,1 2 3 4 26
2028-11,2
2028-12,8 20 21 24 25 26
2029-1,1
2029-2,13 14 15
2029-3,30 31
2029-4,2 4
2029-5,1 20 21
2029-6,16 18
2029-9,23 24
2029-10,1 2 16
2029-11,2
2029-12,8 10 20 21 24 25
2030-1,1
2030-2,3 4 5 6
2030-4,5 19 20 22
2030-5,1 9
2030-6,5
2030-9,13
2030-10,1 2 5 7
2030-11,2 4
2030-12,8 9 20 22 23 24 25
